6.329091758041576199e-01 -5.028536149743021433e-01 -4.503592502864632863e-01
-4.715424178835925240e-01 -7.194986336169242325e-01 -3.094346149515932454e-01
-2.861051059583726297e-01 -7.706998993522062857e-01 -2.913042524558091539e-01
-5.675460677611275928e-01 6.487831345829223606e-01 -3.402389930483734615e-01
3.603136503138728575e-01 2.487383315616786550e-01 9.244902847413659641e-01
-3.572508380903048897e-01 -2.388168117957915060e-01 9.665148313784932554e-01
-2.314827904075893172e-01 8.710878947410343187e-01 -5.374258556307902612e-01
-6.049527375017079711e-01 4.134937470211398902e-01 -7.669434652934641328e-01
-2.448406261649414550e-01 -1.575168985633932928e-01 -8.358438013113128617e-01
-7.081286153324718446e-01 4.586488363625947778e-02 -6.460808444561293440e-01
6.381165667021385657e-01 -5.994721770919965165e-01 -6.277864924153708781e-01
-7.417448344217322242e-01 -6.854844528039836238e-01 -3.816735696345848194e-01
6.648142958328153718e-01 -7.381792252617985772e-01 -1.635465423843048272e-01
1.067512421156748159e+00 2.094560582167649676e-01 3.023375574591973813e-01
6.526794017111610113e-01 6.844164870445575977e-01 3.646200372034565929e-01
2.851982539413165374e-01 -7.449955214742018939e-01 5.929272873084584505e-01
3.383619761300433182e-01 -5.391549432742712700e-01 6.409383850873277000e-01
-8.478493134136761977e-01 -4.670643602472208111e-01 -5.639740570803083441e-01
-3.458288579546835995e-01 7.216933874504305457e-01 -5.197530465534556665e-01
5.243301571334156863e-01 -2.834919164805886904e-01 -8.840415039898072980e-01
-5.396335675625154593e-01 3.445192735554050145e-01 4.715304526757415626e-01
6.884704087691371210e-01 5.035876593097620146e-01 4.796970977135436298e-01
4.264417208460581366e-01 9.656692002938882524e-01 -8.401624741563425147e-02
2.359898445149583857e-01 5.557523349657466083e-01 -8.290202891866624846e-01
2.898390588930852552e-01 -5.075493370246941804e-02 -9.180199678449458833e-01
-4.096803814670390009e-01 -5.033772647657379640e-01 6.826704415598066067e-01
-1.090911116595535968e-01 9.167018780295554947e-01 4.054399967860391474e-01
-1.505317622336820871e-01 4.488551664988252310e-01 8.590722218393730403e-01
-8.549150790687020107e-01 -3.637381434298738725e-01 -7.419494750197377919e-02
6.861800523473146063e-01 4.044330420824617800e-01 2.795536654079488481e-01
-5.712017424304517421e-01 -5.577287326146898039e-01 7.880717266552864642e-01
-1.500364278868510648e-01 7.993171621423187378e-01 8.479748867074271557e-01
-8.758125141999436591e-01 -2.847082280431439960e-01 -4.284532599727707836e-01
-5.223577082830674900e-01 -6.077020142464194530e-01 -2.759745653323550929e-01
-4.485628511238823890e-01 -5.128975424038337838e-01 6.445544442498783722e-02
-3.690977730740201412e-01 5.126369977038996995e-01 -8.129721102988054504e-01
-6.661188593118785306e-01 -6.142082932242902693e-01 -4.061375680530012189e-01
-7.472159139332629207e-01 3.959616201619731157e-02 -7.149713753496117485e-01
6.681117848018036653e-01 -5.994448414545603399e-01 2.458930640086243458e-01
5.640937349605806839e-01 9.012962447826058932e-02 7.720892774698960848e-01
-2.449311604924001018e-01 -7.733316891521806458e-01 -5.077636090153503368e-01
-5.171261087408526302e-01 -4.231429258222945688e-01 6.878807067440002587e-01
6.209851190440810464e-01 5.444396010579380940e-01 -1.966792396294502476e-01
-7.975928322037417750e-02 1.093862087569029029e+00 -3.596535665562544115e-01
7.520088557801293261e-01 4.354682337293806493e-01 -2.897887961759321174e-01
5.758911723214615863e-01 -4.566221130718737808e-01 6.843651776230061934e-01
-5.210351824894099426e-01 5.961491472032712791e-01 9.243543798569489045e-01
6.203202081483645269e-01 -1.984824987598327595e-01 8.133441036240505184e-01
9.417569319767915559e-02 -7.841880537727521361e-01 9.071797442988780436e-01
2.675227072801100170e-01 -7.045356324640852375e-01 6.242041113586908052e-01
8.099731563430092596e-01 -2.193124859717328068e-01 -3.879559769205812025e-01
-5.028326465657024791e-01 -6.103076141530940912e-01 -6.776290187322356884e-01
1.146651451397809468e-01 6.433422329591750310e-01 -9.543145771655309195e-01
6.740380234256888592e-01 1.893466466508516299e-01 7.543697775176840814e-01
-4.821939598066176669e-01 4.247101594747908493e-01 -5.117184374405682190e-01
3.319271907816919720e-01 -6.220300747685396647e-01 6.682209176336232348e-01
8.728379264504817492e-01 3.361588685036034918e-01 -3.968050619903773502e-01
4.187688561758859951e-01 -2.296994400152830851e-01 -8.921370075722704351e-01
-3.109288866020221698e-01 -6.244526275938405702e-01 4.616114162268193932e-01
5.129573127217375295e-02 5.756913469947952944e-01 -8.793263295328272999e-01
1.184798125128589674e-01 9.712972694253549921e-01 5.448035330860256931e-02
-7.589658412041703217e-01 -5.058890357394427717e-01 4.380946378386507689e-02
-2.596219451864039129e-01 -5.603179636029897992e-01 -7.952283239280906191e-01
-1.088011182969251589e+00 2.481895334718744461e-01 4.163856865954761455e-01
4.056042583315520589e-01 -7.368841711486865398e-01 6.808421036642124946e-01
3.728489451945385391e-01 -5.018834926184786438e-01 6.353606627914931693e-01
-1.299482671287317537e-01 9.194073362050885212e-01 1.092023401844265662e-01
-1.913347367521871512e-01 -9.462847010213308874e-01 5.074560674322804443e-01
-8.131559092951584633e-01 5.360893825038665073e-01 2.440783386061580809e-02
1.193016680119426409e-01 2.107025727214504596e-01 -8.406408870946074918e-01
3.738232654098901792e-02 5.816945347520364740e-01 8.530828077329644099e-01
-5.078831677831280311e-01 -8.086745647396135217e-01 4.870884712037168440e-02
6.320807651116610026e-01 8.703644713448097647e-01 -5.227061138367050663e-02
8.467601463805689566e-01 -5.886923140885258476e-01 -5.621960183406909950e-01
7.774403315420223004e-01 -7.375314969799202647e-01 3.116646540796277898e-01
7.800949769235868692e-01 -1.846417596222826862e-01 -4.362752993925413936e-01
-2.955474815981448677e-03 8.358815157771366522e-01 4.104015119712708382e-01
-4.302552386269484774e-01 -4.968171714521586457e-01 -7.310841492622118798e-01
5.289133843959031855e-01 8.591716221602038184e-01 2.767641354815784660e-01
-5.890268305097209334e-01 -7.453018189658848769e-01 -2.251038643039491860e-01
-1.455621300107208804e-01 3.777087345783192163e-01 6.949277547090924045e-01
-9.120468945486630563e-01 -6.575031451620270140e-01 4.403807872134514745e-01
5.141809008496900368e-01 7.622866496519984381e-01 6.498141457379301711e-01
-8.615872736163731060e-01 -8.188214144558257634e-02 -6.959426039853509049e-01
-5.771957774714800982e-01 2.535631545147513100e-01 8.117566050913415099e-01
-1.887848747915975844e-01 8.936568346221540615e-01 2.106452879399742240e-01
2.317131408525835989e-01 -6.017629974006883931e-01 6.581773562659535282e-01
5.195422437187807718e-01 3.841720603898904352e-02 7.231631429635509978e-01
7.890924725158890429e-02 -9.351842982103680813e-01 -3.695858325318949755e-01
-1.828174751046209301e-01 -1.103747150814648581e+00 4.196082766784420964e-03
2.118876105657373776e-01 7.562710876584216591e-01 -6.538296981973814592e-01
4.494253597911703757e-01 -7.633193466172465413e-01 6.027918482653623622e-01
5.106811898160315000e-01 3.133671142722019853e-01 7.868534729584633070e-01
8.322049332886922723e-01 4.290340817838480536e-01 4.495230798683401696e-01
-4.222879103184903893e-01 -4.751884171374923249e-01 -7.198921633385840790e-01
-1.187835348212440412e+00 -3.591989817090496251e-01 2.156583131160541844e-01
-8.707946445954053427e-01 -4.292052743257267489e-01 -1.368807624064817263e-01
-5.232986736997612409e-01 1.827465325875551327e-01 9.437917930827570689e-01
2.771305357802928415e-01 -3.730261227123086165e-01 -8.667167083764377722e-01
6.324651243112466847e-01 -5.842764546749074084e-01 2.761114767717213758e-01
3.932598930843709817e-01 -7.981370722422458375e-01 -2.600744418972828487e-01
-1.228669132935871766e-01 -9.932975477020715704e-01 1.250032181344362670e-02
1.484679475746201183e-01 1.016997222544529789e-01 9.536640935041191813e-01
3.809528726725193160e-01 5.961377945986454652e-01 7.059031296017809209e-01
3.168673827697487955e-01 -6.846104063926335970e-01 6.048733821932507082e-01
6.360077468240521448e-01 5.934251070411973306e-01 -1.141521852412812482e-01
-6.657261875228797088e-01 7.217378805607117531e-01 2.858150936431042011e-01
2.917096327112623233e-01 -9.652347426395662122e-01 6.508372850752901506e-01
-3.590687713863640607e-01 9.176165366074011676e-01 -1.002702871318194994e-01
-6.007877186642802680e-01 6.308045377447627500e-01 -5.124565983582572981e-01
8.295819101465817802e-01 -4.838224216821881418e-01 4.638586030118536097e-01
1.448645635429012257e-01 5.635557921997658148e-01 5.034229093422035728e-01
-6.243699821675283701e-01 3.058577095446199934e-01 7.136022389962034529e-01
7.651021862346367719e-01 2.295889172115574972e-01 2.078356643159185446e-01
-4.550233523967179283e-01 -5.232472888635784081e-01 4.828365097674527373e-01
5.633266778392956864e-01 -5.193660782761360117e-01 -5.837158778126612102e-01
9.966714115960541021e-01 -1.454600982567552103e-01 2.078350278270205687e-01
-7.182172160502163782e-01 1.144442722971392434e-01 6.593322091275900521e-01
-2.782945855526881007e-01 6.445435413385296464e-01 -7.970512125032762629e-01
-2.706732101101385068e-01 -4.742150068382279260e-01 6.563711723238597751e-01
4.008814914322786915e-01 1.277977422909146732e-01 -1.009238753105121233e+00
1.303367019436504903e-01 -8.501268883054690084e-01 6.061459634175672129e-01
-6.745518199922986291e-01 -6.930971543230889376e-01 1.312150901820271220e-01
-4.871597123095040005e-01 -6.353930924712628547e-01 5.893790338036564158e-01
-4.501352588122030651e-01 -9.556834420984852696e-02 -6.092717922255372898e-01
-6.056987274811236333e-01 -2.919728502033525075e-01 -6.129743802368099459e-01
-4.409181710314193925e-01 5.168127011363762152e-02 -7.431936786738690959e-01
2.220500425805976286e-01 1.206361695143894075e-01 9.543613747707206940e-01
6.899889276580237762e-01 2.379888206641256054e-01 -7.739328960930934587e-01
-8.070418587724013937e-02 -5.923659362691938712e-01 8.130852468053439974e-01
-4.435723154562117854e-01 6.906452574600532301e-01 6.635263964972429318e-02
-8.194736960962584194e-01 4.355385656295261976e-01 -5.484948245868788153e-01
-5.418839031275892726e-01 -9.488854654463988458e-01 -3.072265552709854131e-01
6.984407976289224163e-01 -4.715537408188298363e-01 7.207467988708117224e-01
-7.185251094109408321e-01 4.213106160191502636e-01 5.429498505016604470e-01
5.869885168467571246e-01 7.463293223219860661e-02 -6.940761376541344507e-01
2.652599567130904390e-01 8.238014034611716996e-01 -2.143559465976804801e-01
-5.685195383885623954e-01 5.659504363381471226e-01 7.482574833257531477e-01
1.081701322448566926e-01 -6.232092943542467678e-01 7.612494701970076161e-01
7.423384711053510054e-01 -6.072723041657658305e-01 -1.357790570794279728e-01
4.597745107916012541e-02 2.618606119143832012e-02 -1.003838248845326797e+00
4.910652776169508460e-01 1.747700772423920468e-01 8.688621480832802169e-01
8.040580610806115081e-01 -2.817252822523129696e-01 -3.324386278702666231e-01
-1.223184564342342656e-01 -6.241638430046927422e-01 -6.900923389478015313e-01
-2.408576373095181467e-01 5.856188215370567995e-01 -6.896633080548748573e-01
4.377703297721828313e-01 4.756490102322346036e-01 6.598662755139864666e-01
-6.518487192491183579e-01 6.565443191385417210e-01 -2.909373774767883281e-01
3.405665607251918692e-01 3.718306989053704603e-03 1.018441051753862459e+00
7.045260322065054481e-01 -3.621648497396922628e-01 7.350906736735752789e-01
-2.686689262348145313e-01 8.971584995540476948e-01 6.561179944892856497e-01
4.642577504743533590e-01 3.086028988492753311e-01 9.225548385243245164e-01
-5.379482686448154860e-01 -5.881090974518167203e-01 6.771172255028611309e-01
6.974861610534230927e-01 -5.428385861340341290e-01 -5.332966563103733737e-01
-3.974166154888499891e-01 6.839590478143673380e-01 7.572651464390174336e-01
-8.227777235505875364e-01 -1.757969406289387748e-02 2.741766177525177817e-01
3.517942445780783967e-01 6.782831404869246184e-01 6.068555706335174715e-01
-2.590194836149824487e-01 8.389657092795553828e-01 -6.085660494044000668e-01
-7.690748463233390009e-01 -6.525333331452749519e-01 -2.689473450765689222e-01
6.925286654125867303e-01 7.881466857455150521e-01 -4.331457747624284371e-02
-1.811652819289185090e-01 -4.768582160041879292e-01 8.327574612053698644e-01
-2.844385371934111117e-01 -8.890376227444021229e-01 1.897590704077269930e-01
1.820714186811326074e-01 2.262420057610552426e-01 -1.028336062057477518e+00
9.709355793053267014e-01 -2.438098205453652009e-03 -5.468650219975729199e-01
3.550043535399283745e-01 -2.639000600408278330e-01 -1.048704354881388134e+00
-3.307724048808016043e-02 1.016444193628544657e+00 -4.043402233545558278e-01
5.519328247356145023e-02 -1.011876879955320385e+00 1.211298746342104882e-01
-1.517604792322051199e-01 3.845149914806983427e-02 8.421219308516302293e-01
7.711218485630101371e-01 3.014894746214749621e-02 -7.087637259564911751e-01
4.578508657314055430e-01 5.392367681654761657e-01 8.004898830351006023e-01
3.974763938914854244e-01 -4.448473963070653792e-01 6.943693552911233136e-01
3.281954346334315931e-01 -6.825743729884558020e-01 -5.193198749929482938e-01
1.563370091886243651e-01 -5.107267235548630380e-01 -6.848950663476989220e-01
4.362088698655544050e-01 5.601601317504651956e-01 -7.608420689935941894e-01
-3.775762952556722674e-01 3.865022429725364361e-01 8.065309356684081665e-01
5.532603195947776165e-01 8.072168679209045239e-01 -3.277133678564526087e-01
5.014675823635749152e-01 -2.271224652697385882e-01 -7.792618674522948652e-01
-6.345875066736131886e-01 -7.351608473093913521e-01 -4.642613877358210683e-02
-4.943117721787456675e-01 4.370610720077876543e-01 -9.437651995199821675e-01
1.504465018979396773e-01 4.205945991408756579e-01 -9.490429202637862272e-01
-2.464870723181495915e-01 6.864260386456672025e-02 9.701862618224742496e-01
6.925019818312154740e-01 5.078018415703593469e-01 2.705732492527310740e-01
3.948636312186440400e-01 -4.059492302769920347e-01 8.827058415258638435e-01
6.496877626506033510e-01 6.377365871007315556e-01 -4.558208698089889488e-01
-7.915819924247039507e-01 4.934272145095677242e-01 -2.385063165312926448e-01
-6.421020377084730724e-01 6.780836751084652336e-01 3.015694699077681173e-01
-1.967983738456338116e-01 4.757773265116447825e-01 -8.517450967957528318e-01
-6.879131645390892391e-01 -6.304130852105175320e-01 3.078775551695327461e-01
6.025976181119708786e-01 -1.384299167892225624e-01 -9.140147220354402080e-01
7.914151320022465297e-02 7.517494841939315053e-01 8.689792161978490137e-01
7.065057163602825874e-01 -3.639268523132994093e-01 5.961978718976771452e-01
-1.025521549357973905e+00 3.733471089613892846e-01 -5.974785298778859111e-02
-5.942866652075284861e-01 -9.047318503402242973e-01 -2.942049596703423253e-01
-9.276099723102759764e-01 8.270724702361287317e-02 -4.054961099571072758e-01
-2.146905702039801633e-01 -8.471233036863961008e-01 -7.981554500694518772e-01
-4.409396125922400711e-01 9.233744806448647147e-01 2.359712057055291246e-01
-6.107702011177804646e-01 -4.858664176929218259e-01 6.945428459863965953e-01
5.920149884754134506e-01 -8.033745974392584310e-01 -5.594435915159490236e-01
-7.912303852734040577e-01 4.740944547537819798e-01 6.272581797901142231e-01
5.606587290973128468e-01 4.390208959247542952e-01 -7.346572767466112985e-01
-2.239745842256675723e-01 -8.970373300630052338e-01 -2.418206643533258038e-01
5.342040830173290233e-01 -3.133152637672147189e-02 -7.047768103555460684e-01
4.670067835147940771e-01 2.784286106909553138e-01 8.233996404455186102e-01
1.874067026144295434e-01 8.437150780969892017e-01 -3.973578076504923895e-01
-7.981480312823214796e-01 -5.191073450301988412e-01 3.910996989875040741e-01
-7.835012599584719739e-01 -3.618860728916081237e-01 -3.498948312904783253e-01
-9.477529840778559089e-01 8.677960687477515034e-02 2.251473798342497334e-02
6.557076433388461245e-01 6.377567562210555430e-01 -3.059266796820712675e-01
-5.098963189423815212e-01 -7.359042146360208481e-01 7.295501514909148721e-02
-9.385733100884146030e-01 2.661550624198992798e-01 -2.843152352179478815e-01
-6.116009428424690197e-01 3.835519109496794421e-01 -7.546513778467756062e-01
6.617750838334595098e-01 9.421558905737160705e-01 1.712184150737604826e-01
6.411845855530945437e-01 -7.218434799299970894e-01 1.491900829520948213e-01
-4.622710559426060906e-01 -7.208183744847998509e-02 -9.108194141796055465e-01
-5.376704898194112348e-01 -2.835509033046573757e-01 5.150931542523236040e-01
-5.756021614745358006e-01 -8.692638514091918789e-02 -7.010659615182335269e-01
5.192249383245262084e-02 8.169037690217100245e-01 5.842709856530491352e-01
8.658717892421423645e-01 1.026756776106811375e-01 2.672848087890957736e-01
1.038563947641250484e+00 2.627430497853913693e-01 -2.369313791146143017e-03
3.392398985603521933e-01 -4.878364133310064688e-01 7.885568377906725379e-01
6.563406330103079833e-01 6.391891111522085556e-01 2.953893397081568395e-01
1.378245466277314424e-01 -6.086579450465409713e-03 -7.489262940244229005e-01
-6.873872381714353219e-01 -6.840330551853434082e-01 -8.178135793179069912e-02
5.237590762951973566e-01 -7.839750639568190405e-01 5.485048303714461920e-02
-4.145184410982450385e-01 -2.206857539259144962e-01 9.936441976087306838e-01
5.771903404117599834e-01 5.626667972223329262e-01 5.746607612126656273e-01
6.645485607565008168e-01 -1.894327061109876142e-01 -5.767117793953218108e-01
1.931759742109232236e-01 1.087481824111296680e+00 -1.951713802226441863e-01
6.391594247350509961e-02 1.898356064814606114e-01 -1.074729890166604029e+00
-5.018623896236205084e-01 7.774605825641711654e-01 -7.037282807147829389e-02
-6.791607808729097639e-01 -7.791823095272361055e-01 1.777563103809574330e-01
-8.489653335946740764e-01 -3.708278808232903789e-01 -4.842379287070295302e-01
7.232989786299981461e-01 5.247793899467301237e-01 4.804985405784504282e-01
-5.204572712528506839e-01 -1.351581692624659603e-01 8.103997959039846988e-01
1.504692497045333477e-01 -4.980389710973750494e-01 8.376911946199222525e-01
-1.598170549107491567e-01 9.465131932468973108e-01 -5.162647849696995195e-01
-3.323802534185680280e-01 3.492448904054243353e-01 -8.539444275481156144e-01
3.138418629836216001e-01 6.664993215008987448e-01 6.770442102764600012e-01
-1.890526772172800296e-01 -8.349129966013610904e-01 -4.083313297349215332e-01
-8.703184991187232211e-02 -7.505176609595892723e-01 -7.055640185536735665e-01
3.011596580534207090e-01 7.349814712684612505e-01 -6.218758142469865691e-01
2.735612465088068102e-01 -1.015283567846517743e+00 -2.726103754372454779e-01
-1.318500627207212506e-01 -4.534590547029769825e-01 -7.898856769530178124e-01
1.114785562180410639e-01 8.940773341216573522e-01 -4.940822622323194913e-01
7.798235363646893736e-02 6.344375245195672530e-01 8.036120133430976198e-01
-4.588971052760674185e-01 9.297619340593776815e-01 -4.416103954990672209e-01
2.293627824640865065e-01 9.603755344118415360e-01 -9.257348150254820496e-01
-6.968290238211305443e-01 2.429015354179976383e-01 6.087159898343156295e-01
-1.031432711871950625e+00 4.452917725436260632e-01 4.335171571179012862e-01
9.199702093828391325e-01 -2.982593803339201877e-01 -3.779895219349256874e-01
7.569709895091880636e-01 -5.569041840624331385e-01 -5.743276033354597354e-01
5.613990558745454162e-01 -2.263730902765223041e-01 -6.005499752965286486e-01
-5.186488529786675850e-03 -2.574069367735374869e-01 1.052614768906884546e+00
2.213336243030064598e-02 8.869767935029624351e-01 -1.191521550887185976e-01
-2.298481054814835445e-02 7.796006497488641163e-01 -5.429290904685041275e-01
-7.212840865036412863e-01 -7.411849018571733394e-01 2.518360828129445061e-01
-2.076353730901004946e-01 -7.432948799532695938e-01 -5.903988838362792535e-01
5.589113442414823663e-01 2.705245404549411758e-01 -9.255925041308036283e-01
5.630598056330292644e-01 -9.413008048780757697e-01 -1.544715996070923081e-01
4.691725035402947164e-01 9.368122378018118868e-01 1.480070895476275350e-01
-1.077420679115042995e-01 8.238309415938066538e-01 -4.007914445087376598e-01
-6.574125997768718310e-01 3.546218329850387430e-01 -6.972390868765983019e-01
-6.085858046317308423e-01 -5.086055770680369958e-01 -6.857937171369458129e-01
-3.872203534663626323e-01 -8.511145961764913226e-01 8.308666008426236482e-01
-9.735352149677188871e-01 4.303759231912016037e-02 1.716347992056098115e-01
-5.156209556981525832e-01 1.000460187041789073e+00 -2.169285890652762894e-01
-4.694964414011894016e-01 -6.516337123669193598e-01 6.206182497044983037e-01
-7.390775728307009684e-01 5.554951765946242181e-01 -2.331814438059599537e-01
4.562437279834652415e-01 7.839235248041499515e-01 2.367175135707168254e-01
-6.196009353140351505e-01 2.106255333417108785e-02 6.800128029612068081e-01
2.149883966263854349e-02 -1.015266002043117233e+00 4.273108472503410471e-02
7.105278577333954404e-01 -5.126943815344264799e-02 -5.769316286521884996e-01
-7.276642188587506554e-01 -7.398856622162283125e-01 -5.455543392870372266e-01
-9.030418863456126655e-01 7.966280499001202053e-02 3.740768868184684570e-01
-4.611889587419917280e-01 -1.871849086531221229e-01 -7.336336583768239272e-01
-9.944830095619244803e-02 -1.140822645166298166e+00 3.039313306631307721e-01
-4.883898438353840299e-01 8.524968095352181141e-01 -4.010045246442200950e-01
-3.325458252934047065e-01 6.054465730909747156e-01 -6.661547050968258388e-01
3.937586273029089479e-01 -7.022716063350133986e-01 4.386596732714128644e-01
1.085297064638240938e+00 6.377761498102252347e-02 1.318004340767792160e-02
6.104495110061651797e-01 -5.670715720995873621e-01 1.642202395563911455e-01
-6.840827931197420719e-01 3.413815448658298335e-01 -7.678657542645127565e-01
4.985086341204656990e-01 8.156585654607922953e-01 -2.372501731536683645e-01
3.902870856031447344e-01 8.714903049528917034e-01 6.694362855630189291e-01
-7.263337223255672548e-01 -6.527192523727992635e-01 -3.170072642506405747e-01
4.549290646252694970e-01 7.489643663278181540e-01 2.288443952346881360e-01
5.045567551690914865e-01 -4.552064899573193824e-01 7.581728732308753438e-01
-3.200107619623941690e-02 9.112964633234887923e-01 -4.115301850769894076e-01
2.453495635602030989e-01 -7.974633333145885183e-01 5.435555782232440181e-02
4.425966878698918139e-01 6.160639730418414617e-01 -2.138927076353132894e-01
8.716657217715374495e-01 -4.130787982243980805e-01 3.376465807624425830e-01
-5.506247996599863415e-01 3.455054981386074253e-01 -7.239143248416469723e-01
6.508304325625801079e-01 -6.950963234611994279e-01 2.760682131335801537e-01
-1.296022591308199357e-01 9.129080185459129693e-01 4.298798827022380364e-01
1.595267760630347809e-02 3.370974103067976568e-02 -7.654082811681282017e-01
9.372068142253943135e-01 -2.778490034761658678e-01 -5.765708521641401685e-01
6.771081420871775947e-02 -2.484959438082677829e-01 -8.546658292081923403e-01
4.452320560745680056e-01 7.541458111104446527e-01 4.666914575906399021e-01
-8.350562891807578048e-01 -4.706632062132863337e-01 3.420844911534600130e-01
2.562267790763688713e-01 -1.025946288511572213e+00 5.645099490961421607e-01
9.113441384867611017e-01 -3.073639719251855529e-01 3.149216454362310236e-01
-5.035009651021385979e-01 2.807769629122481292e-01 6.454285933686706445e-01
7.159373738792875752e-01 -3.698778152187372492e-01 5.986557579242001159e-01
-6.977206488812511820e-01 -5.867835371474074968e-01 4.661515965319487642e-01
-3.247379962881136173e-01 8.725881782484583571e-01 -4.134751923593387168e-01
-1.857807607044200116e-01 8.096998690504906282e-01 -5.646472593487069647e-01
-5.272815007302118495e-01 -6.564436592434365059e-01 6.680224823247669086e-01
-3.678177986186139670e-01 -6.751616682308890782e-01 -4.408367713086714934e-01
-5.284367175824241647e-01 -9.165007837943485169e-01 7.129577889380206424e-03
-8.256338403529012160e-01 6.703998159681738844e-01 -2.303727141289630131e-01
-2.642931158400037561e-01 -7.535739924472057982e-01 -8.339615675787377391e-01
4.702232494782603855e-01 -4.688965252653462534e-01 -7.312902279832191876e-01
3.462584669904322232e-01 4.394755517525342770e-01 -6.629926802463613766e-01
5.351302847723821143e-01 3.257930893485615487e-01 5.263674075917117445e-01
-2.308828626636353354e-01 -7.490663289643442191e-01 4.202161303769881284e-01
3.137026075031130734e-01 -9.543847337603598158e-01 2.977098384193823666e-01
-5.757986049311244470e-01 -9.235010788033930496e-01 -2.037176098146534775e-01
9.963244962646556901e-01 7.999186915925429742e-02 -1.159933567824908418e-02
-8.201415859326657287e-01 -6.171858244701954321e-01 -2.827526938557898273e-01
-6.848040969904752862e-01 -6.309501760884108634e-01 -3.449410587827509977e-01
9.429781145503971507e-01 5.387116778376764559e-02 -5.930389935186313188e-01
8.617642839937775801e-01 -5.511977011960172979e-01 9.220778675341294306e-02
6.985393993869214446e-01 6.050018875917742012e-01 8.675517337745410895e-01
4.156286651684264200e-02 -3.175750760022859609e-01 6.329084641954245694e-01
-5.440598667808945743e-01 8.435500511690799952e-01 -2.280250699530275149e-01
-9.261932443938472037e-01 -2.343388232579432517e-01 -4.267478022124459036e-01
4.703724966301432997e-01 -7.106556525526174228e-01 2.533908951216695682e-01
-1.930430563057376481e-01 -1.563127459352240956e-01 9.228613980586981569e-01
2.237844004272870335e-01 -3.734783328854342499e-01 1.107629694215746197e+00
-2.413730119366986893e-01 -7.292433790166857888e-01 6.301049612205871231e-01
7.348247527606904805e-01 -6.178268287908897927e-01 -1.653111190011608278e-01
6.306161967046415295e-01 -6.455990141434191365e-01 1.205293352688495689e-01
3.724727630833024605e-01 9.059188194900086311e-01 3.349138840799477101e-01
-7.497181447372891494e-01 -6.871408699710527257e-01 -2.918119393380024795e-01
-3.293949520152851251e-01 6.757076345537692541e-01 -6.867786260519082031e-01
-7.868355092891820002e-01 7.115764356078917441e-01 -3.524170282029306378e-01
-3.824766612575739577e-01 1.097413638964146232e+00 -1.405510315295411261e-01
-2.904213961064510685e-01 6.046011585759600848e-01 8.259786765340223491e-01
5.870655166892795318e-01 -2.741390249389893397e-01 7.431968638136496885e-01
-1.100100804190303760e-01 2.301228165593879882e-01 -9.573162179225483959e-01
3.120668929353301313e-01 6.430959716049232666e-01 -5.580410981691894534e-01
4.608717597473297456e-01 4.251023288945828815e-01 -8.624333788056357530e-01
-1.215404386314170304e-01 6.941781778455790031e-01 -9.994908069738388523e-01
2.747583214806438856e-01 2.622533620146237920e-01 -9.386171324903995750e-01
-3.895982201115789634e-01 1.099368091845857043e+00 -1.710133767440476515e-01
1.970346103363071755e-01 -8.405799996239253780e-01 -3.945653141454767421e-01
-9.047031141456736147e-01 8.479055175047671422e-02 -5.057068663352904947e-01
-6.065791538280732587e-01 -3.666514004364879176e-01 -6.096848766027334054e-01
4.526049430640924354e-01 -1.474732294727110760e-01 -1.054710969019641897e+00
-3.457799949521490612e-01 -6.884000692924601150e-01 4.870331690453166829e-01
-7.633369617351326575e-01 -1.214414541767533662e-01 4.830377901383465233e-01
-5.040884999341421757e-01 -7.265045597484109940e-01 6.995449564814484322e-01
8.157577903966860555e-01 5.251608793749892312e-01 2.954410135775215052e-01
1.007605993596891736e+00 3.019652369224755106e-01 -4.667728225831463407e-02
-2.811690201865321703e-03 -6.895080332860387129e-01 -7.579670187225957534e-01
6.089842439579055133e-01 -5.910249879689805086e-01 -3.470568621283850463e-01
1.025823564873470595e+00 1.811632028935822869e-01 4.423494128839802197e-01
-6.113132922621564713e-01 -2.434919109491536227e-01 7.997301853338412148e-01
1.645372457294363155e-01 4.939837707408052392e-01 7.473046149095210477e-01
-7.978860224897745823e-01 -4.803111126005424891e-01 5.158517070961637918e-01
3.084165106095985154e-01 3.916254672233462353e-01 -8.236880370246907335e-01
-7.783985802264599130e-01 -3.356327523005313562e-01 5.917322541920044809e-01
3.680966148719028164e-01 -5.401653504799347472e-01 6.153801145200735734e-01
-3.081775405867508977e-01 1.079757388638897364e+00 9.553628500163960369e-02
3.567348206584684545e-01 5.552242866212517836e-01 5.861992038547911843e-01
-3.454886088040692305e-01 9.504244118705952316e-01 3.958343876081500956e-01
8.052991924512867827e-01 -1.720746021785573843e-01 2.858338227782747376e-01
6.724863440427392147e-01 4.100519108121590817e-01 6.091327056113082783e-01
2.741286112165292055e-01 -1.030070124631488504e+00 2.305570858894737674e-01
-9.032840079135254774e-01 5.401020032384942771e-02 6.331092627342950196e-01
-1.379486452122183626e-01 -8.808006034834738873e-01 4.378003821177566257e-01
-6.399273301541684722e-01 4.898398766197170628e-01 6.290424077772067690e-01
-9.760360016601468125e-01 3.640674612508297825e-01 3.424709486338363140e-01
7.935190998337108281e-01 -1.672157463261867150e-01 -5.043085251477634756e-01
8.956743434711353924e-01 3.153010115313507056e-01 -4.674090578290972520e-01
1.603831197178321455e-01 -1.089451168817906268e+00 -1.916666500150303043e-01
3.575412447165080554e-01 -6.473012109366936828e-01 -6.494501833361925325e-01
-3.932854991625919783e-01 -1.172038379853634626e-01 -9.278962442228807506e-01
4.832216354171156580e-02 -6.250742360062924163e-01 6.487600125474813906e-01
5.903486254792994492e-01 -7.666408374671198622e-01 -4.955335435580845993e-01
-6.937955278644089008e-01 -5.899177179664871762e-01 -4.443265948161016499e-01
-4.730741852287982940e-01 6.706921842574293802e-01 7.811961712145034653e-01
-3.287515303213201512e-01 5.286518691793700153e-01 8.935513508074972577e-01
-2.803215256023599000e-01 1.203941413776681985e-01 -9.439400161293229896e-01
-1.914069023739394665e-02 -7.175239069893808441e-01 8.555901149029251362e-01
5.525122831481674712e-01 -8.830145311355690474e-01 4.186501418825501752e-01
-6.611586987604702870e-01 -6.324109909405550844e-01 3.774393191012708759e-01
9.072837562669552325e-01 4.592562600308889853e-01 -2.713443115619075807e-01
-5.278041190080740019e-03 5.325602934495174967e-01 8.000422467833374629e-01
-5.187442276725974244e-01 4.274025845067690454e-01 6.681816324870849533e-01
5.799483145632208236e-01 5.273079202551734790e-01 -6.686761386249523431e-01
-7.533360587734692082e-01 -4.089057246894169939e-01 -8.513263758425905214e-01
-4.365750688118500977e-01 -7.512224394347657430e-01 -6.729931082075540916e-02
-9.158024475530296415e-01 -5.624673606235732759e-01 9.540713667991196356e-02
-6.593476351008545899e-01 -3.186800355321238731e-01 5.936163146501809429e-01
2.407556061463991814e-03 6.379000694830900819e-01 7.816313778929403489e-01
9.712353013958707759e-02 4.439619774635875649e-01 8.005199561588711710e-01
-1.113265121394996504e-01 2.442360467070235353e-01 -8.866727113399558435e-01
2.404157794258057479e-01 -5.933726919677270173e-01 -7.271526792626007429e-01
8.763478404001249222e-01 4.539462964687667190e-01 -1.775627340536461984e-01
3.395958316592369020e-01 -6.481050864728181704e-01 2.930467789535249334e-01
2.956865471658434164e-01 2.028348928098742121e-01 -8.410596925555214876e-01
-5.620146558474796716e-01 3.953186126743081785e-01 -7.917794648752319864e-01
-3.221100371298728504e-01 -6.286698883467842780e-01 6.962544701427257898e-01
-6.555953359084729648e-01 1.608406400403359915e-01 8.699253732557563623e-01
-8.069376858461180246e-01 -4.561021011345349485e-02 7.562989576670141600e-01
7.199043028096712149e-01 -5.672207544247948041e-01 -2.989711434708476889e-01
-4.442040525880215918e-01 -3.777495711202089601e-01 7.516638724661240945e-01
5.587876269879803459e-01 -9.503495205187205697e-01 1.199746509384669313e-01
-7.931443561914959250e-01 -1.460760467685936759e-01 -2.352193370199495981e-01
1.665032692721710172e-01 8.407235141724843652e-01 -5.331853480844377380e-01
-7.984777494165236078e-01 1.640670002083383650e-01 -5.423352538203239925e-01
-4.182669781830695988e-02 -7.763731841023294722e-01 1.002312330570442889e+00
6.337998538213347466e-01 9.966990955289557752e-03 9.896032853440708266e-01
-6.072277065753647340e-01 4.275495746873405056e-01 -6.899765181701407180e-01
-3.014681119524667552e-01 3.603248690893030570e-01 -1.052693778023434668e+00
6.942753486859998269e-01 7.518828558286861918e-01 -6.750166527730978583e-01
-6.873061251257980286e-01 -4.897954919680507779e-01 2.294746809968441492e-01
1.094080560138667169e+00 3.788036690523569616e-01 3.669452686476019909e-02
-4.106748168922006448e-01 -6.540923422874087567e-01 2.802199185007844262e-01
-7.720147132645948096e-01 -4.944479821231704819e-01 5.010630157171764854e-01
-3.556383740006333061e-01 7.388114288109486338e-01 -4.404593953159937070e-01
-8.288341433974411032e-01 1.418165593664980628e-01 2.105439184647933670e-01
3.460661581932502617e-01 7.445365515971856807e-01 -6.170101833039374206e-01
4.863380558382001673e-01 -4.297968277817170168e-01 -4.612389861232625288e-01
-8.625752427745150275e-01 4.946180337748757871e-01 2.801659825083305799e-01
7.492728508103546625e-01 -5.655795084478761892e-01 3.477632201709632276e-01
-7.237693314909674491e-01 7.035794154976432457e-01 -3.075017116620777369e-01
-6.024079262170500826e-01 -4.287023075981362119e-01 -7.862409550041340456e-01
-1.838649770060933053e-01 6.636721061165965496e-01 -7.155351699455954062e-01
4.322775026561930245e-01 4.424039467841863194e-01 -8.793169463524979079e-01
-3.667080282484670439e-01 -7.285213240950759728e-01 8.788367578915643463e-01
-3.673689865014626577e-01 -4.789836889076090620e-01 -5.935773502028147686e-01
-1.886347488406047435e-01 6.089556153887093481e-01 -7.789169995637965638e-01
2.142248735231030710e-01 -7.674616491462105117e-01 -5.720076838041936451e-01
-2.153883239822558804e-01 3.137797757367666307e-02 8.539167956255091507e-01
-5.691084729360256222e-01 5.061530146773941530e-01 -7.210873635990270314e-01
-8.290505259732801058e-01 -9.048927449410489043e-02 -4.831528457478426741e-01
8.273157046731437481e-01 6.183169828488410680e-01 -6.743154203798980006e-01
8.002710957677883208e-01 -4.531396740082553332e-01 7.012593046576048872e-01
7.166312354852510946e-01 5.336428855981520947e-01 3.989327586687441141e-01
3.020609118102977053e-01 -3.984784998016506208e-01 -7.220333934197192827e-01
7.897671394252533394e-01 -4.466921769876872617e-01 -4.898817349577382907e-01
6.128765710914731990e-01 4.576719865421889910e-01 7.303551918410284838e-01
-5.658737956087895871e-01 1.791642185090089878e-01 7.286371548084492611e-01
1.062312572613234529e+00 2.130677373387728502e-01 7.397220058450412750e-02
7.692895500529864927e-01 -5.506953758122304921e-01 5.209538532043357373e-01
-3.295107779190725034e-02 3.053382552234716329e-01 7.954251793585991326e-01
1.033759494126912787e-01 -6.143414246744438589e-01 5.943529865121874867e-01
-8.758060482228187393e-02 9.378999788654144298e-01 -1.061700517085122364e-01
4.792913728405098772e-01 8.265127224355456326e-01 -2.454110899654559919e-01
-6.320216158712569365e-01 -4.826342001194241504e-01 -6.910807957634631515e-01
-7.915966083564764944e-01 1.712910299026254579e-02 7.575550217821139798e-01
3.479402004213646427e-01 6.842960235945556580e-01 -4.706054111651911120e-02
8.401406882915198882e-01 3.614033602013364543e-01 4.767334666161325285e-01
-5.154306705069662264e-01 5.133143803637343350e-01 7.271809016175395657e-01
-3.152311571173236349e-01 -3.625944837000561471e-01 -8.465102192921840629e-01
-5.140027537347979791e-01 7.482092456370472711e-01 1.405775716886024929e-01
-8.049293086537967490e-01 7.348751621054618877e-01 -4.641983020881439437e-01
6.150968215938540373e-01 4.259101608987614362e-01 -1.519248538091210743e-01
1.053429640120862043e+00 -3.956784082177692841e-01 4.632265790036504960e-01
-7.702843494835925897e-01 -4.497689503445629344e-01 -1.964484520585791649e-01
-5.718196877175761861e-01 7.081394173222250732e-01 -6.728595581131947556e-01
-4.359303475834898078e-01 -9.026132751226708661e-01 -2.389124848004942625e-01
-2.409203574452952190e-01 -4.920804741213204436e-01 7.209642948303748300e-01
3.907423924775971225e-01 -8.127930737065247602e-01 2.960595105476524491e-01
4.707021268147688620e-01 5.761855122581045485e-01 4.378071458936468874e-01
9.720592406727135426e-02 -6.831734151586459358e-01 -5.509427139631690729e-01
-5.070876169319787907e-01 -4.711627618707039389e-01 -6.557783347771826143e-01
-2.935545441908937736e-01 -7.567051690718180623e-01 5.537750908167409225e-01
5.647438319903124171e-01 7.127773341414984642e-01 2.474614032647870221e-01
-6.799835812442006633e-01 -3.846850585083569363e-01 8.429530083636901372e-01
-6.557368618393294435e-01 7.294887839384216477e-01 2.570231831959567392e-01
-8.923999843114375219e-01 -2.103802787578825662e-01 -1.117596266721552489e-01
-5.053300058760186175e-01 -5.212129600433714760e-01 -8.669526178170461339e-01
1.365773913637324255e-01 9.889741462125106741e-01 1.479477426189079181e-01
-9.704002734822286813e-01 -4.740830055940625787e-01 -1.729324507488363416e-01
-4.997716711602712691e-01 -1.478437891982305186e-01 9.776140857293738051e-01
4.963150529855371862e-01 -3.698428181843623763e-01 -6.659243139730439687e-01
1.669577282681530828e-01 6.435740910708694917e-01 -8.055258769636579608e-01
-5.177136107859209302e-01 5.058185700415132047e-01 4.782393650224649462e-01
-7.355627671483958574e-01 -1.811074380932349293e-01 -7.936799025805388319e-02
3.915394293865254172e-01 -3.480280035701138752e-01 8.526797449387795158e-01
5.918542300571388859e-01 2.675673937893954801e-02 1.118234589040543847e+00
3.691672181155516430e-01 7.164667623266351981e-01 7.955298469538212291e-01
-7.649678587686131737e-01 3.017428356067082262e-01 8.894271937920585069e-02
6.932689252607371344e-01 7.220697584030264515e-01 -3.271809772673099359e-01
-5.467417516832576152e-02 -8.402393133021242022e-01 -4.303746207025337112e-02
-8.839547692967804349e-02 5.793715383407064268e-01 -8.739820974931762354e-01
-5.563806640478028420e-01 -4.824042357651038282e-01 5.573992604664279593e-01
9.084941864306851356e-01 -4.594910872984860339e-01 1.899515098295790350e-01
-1.075427535574889015e+00 -5.663805602972572517e-01 -3.374400432519251702e-01
6.781237904681939321e-01 -6.226781746092646674e-01 5.108284708994081935e-01
1.711545480260584506e-01 4.457537737832844571e-01 -9.748867377586857286e-01
5.702352754830045667e-01 -6.423264292439365697e-01 4.136899440991770871e-01
6.921415982976273362e-01 -6.118581574430328462e-01 4.199860385520802764e-01
8.992077523669733674e-03 -6.520999714776000156e-01 -7.016561001254753016e-01
5.381923595257528392e-01 7.054960199712925206e-01 -5.059160902742800836e-01
-8.324248901749959906e-01 -1.366621160578560673e-02 5.905328562147091898e-01
-3.983021658583731917e-01 -8.665005016400236793e-01 8.928956566863245625e-02
3.806301656361712471e-01 1.363042691759451253e-01 9.976754412083331802e-01
-4.915317553486355795e-01 -5.671960378926717006e-01 4.789941684048755755e-01
9.083375535986644156e-01 -2.137554971978330720e-01 6.526174967008158134e-01
-1.400383788427279619e-01 7.651148742070928988e-01 7.292931324050828668e-01
5.882873830815845695e-01 6.679066154141437561e-01 -3.571497808566259646e-01
-1.479369291793380392e-01 -6.159823017654396660e-01 -5.762572279076474402e-01
-8.375526797804668799e-01 -1.595182189040732779e-01 1.172079198716134141e-01
4.661853975250633553e-02 -8.087028514166271220e-01 -6.081097928361769434e-01
-3.895785812339032372e-02 6.955951272276080788e-01 -7.590676652384442669e-01
-1.607033885459867029e-01 -1.064517536856580460e+00 -3.507147077974692717e-01
-4.280442832406399223e-01 -6.697322030958475780e-01 6.069844033128591887e-01
-3.872952710343746663e-02 5.305257572626564944e-01 -8.303111468873931589e-01
-6.506297592695363674e-01 5.531572906017043767e-01 -7.283934355432717389e-01
-1.621521801219451830e-01 5.780236559507219152e-01 -6.616662632051459880e-01
-1.015125760715750003e+00 -8.788479131853674242e-02 1.922730704594914353e-01
5.101312250045536567e-01 -7.419496821789275387e-01 -3.622219354580675232e-01
5.103416051851041857e-01 9.271687521942919563e-01 -5.021301012910740491e-01
5.650384331708799834e-01 5.576807688406674179e-01 1.404349802018475812e-01
3.671989309599978935e-01 -6.369882139495278706e-01 -8.155148872587804076e-01
2.767152240317772294e-01 -8.627691763005376213e-01 5.274185471082035725e-01
-7.314096545306368879e-01 6.828982511713481696e-01 2.806243187482269086e-01
-6.062844012840236108e-01 -4.025168680348223393e-01 3.051840493443866431e-01
8.147222317195822461e-01 -3.266890944450519529e-01 7.749897930162714665e-01
-8.204848471680592503e-01 -1.436224178339358393e-01 3.258777203171664971e-01
-5.757125703170534736e-01 8.438423457170889375e-01 -6.666999065044872975e-03
1.932756273032525951e-01 -9.579003891513769853e-01 -2.672924926885219543e-01
-6.479737066766505516e-01 8.685908465319108762e-01 1.251485178420212729e-01
1.542217232874405208e-01 -7.531427195018329801e-01 -8.264912135663271542e-01
-3.773281457828266960e-01 4.351742166710322324e-01 -9.608540494698941670e-01
-3.902088427312571661e-01 -7.266603963441514713e-01 5.237101944252408048e-01
-3.440100965778138398e-01 9.564837047828044225e-01 -1.351421419917974709e-01
3.714755527546194092e-01 6.651287682796568346e-01 5.896126374961150329e-01
-6.772869377909028765e-01 2.022000188421119726e-01 7.129051946537425799e-01
5.758250385493965950e-01 -3.081599381053481412e-01 -6.807639110068530730e-01
-4.696045503503342156e-01 6.906370338371069506e-01 4.081513047022093388e-01
7.916418213592294473e-01 -7.314154744174179434e-01 -3.722362337523628661e-01
3.526293573028187467e-01 6.919703879640866084e-01 -6.235150364058834604e-01
7.797586654412833607e-01 -7.386555687609483445e-02 2.591844760184697782e-01
7.276022081199600144e-01 -7.456982174970924193e-01 -1.165440260632203406e-01
-7.914236313607643236e-01 5.882470316347599981e-01 8.088971331128555486e-03
-6.251965102386500828e-01 -6.158291878010775378e-01 -7.331717605856375997e-01
8.032931632645323727e-01 7.239200876867806222e-01 2.057980890325163403e-01
-5.303583282519201969e-01 4.176008512044723786e-01 -5.451798367559378411e-01
9.682007469439096736e-01 -1.341641995471086479e-01 -1.371658046908133255e-01
7.465719880402212905e-01 -3.647943555459121634e-01 4.860723120935550590e-01
-1.071966839533735838e+00 -4.155340708780819181e-02 -3.667326210633818917e-01
-4.162811427001161801e-01 3.465033761129041601e-01 7.879289313047328491e-01
1.891045606214591668e-01 -6.307223948532859614e-01 6.820390455471211366e-01
-2.052769105402123262e-02 7.536610766771398850e-01 -5.977389170179185918e-01
-2.882457577380864167e-01 -8.940159551307089725e-01 -9.324999166473080248e-01
-7.366959717427055132e-01 -7.769194288420748495e-02 8.088674357283243133e-01
-8.206967975825717188e-02 -8.407735348246981877e-01 4.221054871280413567e-01
5.867024314543236585e-01 -4.818242885881945381e-01 3.341021739182219452e-01
-5.987817594601386739e-01 8.571165026923448504e-01 -1.233680153120528949e-02
-7.604319660153561200e-01 3.411153090671271704e-01 -1.373991207899773470e-01
7.482391785479278745e-01 1.506569681768273328e-01 -6.509939217604868711e-01
4.422354734478760041e-01 -7.400993469913990097e-01 -5.966732450342078220e-01
-5.877823609249589465e-01 -9.424384519214569211e-01 -3.650687875764968560e-02
-7.803823590852312364e-01 -5.299696873849412126e-01 4.059655002665438217e-01
-4.954260708414758296e-01 -7.386773717292758334e-01 -7.194521865013678852e-01
-9.234632787727138359e-01 8.299044888189646696e-02 4.065651541025342430e-01
-8.222702412180624143e-02 -8.346688117190622647e-01 1.394173400642751137e-01
1.980068043312247505e-01 8.821122340041639975e-02 9.484876036536171728e-01
-8.393007412962502078e-01 3.654976314525228975e-01 2.684054015756996980e-01
-7.047271698523360772e-01 3.890882001417428349e-01 -5.018042294029267936e-01
-2.192916709560882027e-01 7.251006291541797211e-01 8.350870360231811285e-01
-1.035850305286030615e+00 -3.352593154199558501e-01 -4.188304590835606467e-01
3.522314851064237140e-01 -8.240699696082215420e-01 -3.540590184224366999e-01
-5.705586235902593284e-01 -1.067104732482139356e-01 -8.181083518281767608e-01
9.995578814362797715e-01 -6.373621094449427593e-01 5.503137455619843132e-01
-5.680629329564137464e-01 -9.686559948214709670e-02 -6.868430105792499019e-01
-1.733919490716735734e-02 -8.419976864559753915e-01 4.694944750836712588e-01
9.106850188651958167e-01 -2.824150266510622731e-01 1.934230908454898645e-01
-1.822558251486312841e-01 6.682886670634506920e-01 -4.060455720152143511e-01
-6.261046342444747115e-01 -6.585259214311892650e-01 -5.772713899111912017e-01
-4.935991966375291029e-01 5.858843582627503155e-01 -4.704357951470664601e-01
-2.154223156171854725e-01 -2.501956974514425447e-01 -1.010008648268337028e+00
-3.387240004168705632e-01 1.046514179406748735e+00 3.733192372055185171e-01
2.517422581278304650e-01 9.542075803866694184e-01 -2.926407212133179114e-01
-2.416704474509906164e-01 -4.637885136965094190e-01 9.485466284857717589e-01
-7.959710290254666809e-01 8.635936306275150409e-01 4.630702659726995130e-01
-5.328160697228827569e-01 6.600534324305380451e-01 5.183145762868963669e-01
9.755288698642724521e-01 2.633830812034994029e-01 -2.575547005766019582e-01
6.712684322123593228e-01 -6.830226737293796369e-01 3.321278489279150259e-01
-2.245834250955056899e-01 -7.308891343284895648e-01 6.143997087438293203e-01
-3.342324933720423608e-01 -7.600621400199728539e-01 -6.874046757374698835e-01
4.111035536118148870e-03 8.440120415500709239e-01 5.387089133706477462e-01
-2.924817185790153928e-01 5.488040236277964556e-01 -8.898803499254269722e-01
-5.713496278709384590e-01 5.313031120588754819e-01 -7.176763081812794765e-01
-7.735824295273753259e-01 -5.214534429371349422e-02 5.756831693800515959e-01
7.067255847824485127e-01 6.152769374653684897e-01 2.256399821990867083e-01
-2.728961081862983917e-01 4.736986885863055941e-01 7.537538194561046456e-01
4.403658699517127850e-01 -6.331865960809396343e-01 -8.496972071393620318e-01
8.803967890230546267e-01 -7.710418556262430556e-01 -6.662679502397739206e-04
-2.051420196314435174e-01 -4.984656725488453288e-01 7.790535860650193989e-01
8.972909132294377699e-01 -5.895065525455520650e-01 4.580021577396536925e-04
7.226050298264147242e-01 -4.565967521164920884e-01 5.329990785948311993e-01
-9.258962045678553743e-01 1.368215917988392372e-01 -7.844818626175953380e-01
-4.978608253758271540e-01 -4.583667085635433347e-01 -6.594789971627879055e-01
-3.071470184236660406e-01 1.527803158871725575e-01 8.272780832789209393e-01
-6.654995136325045912e-01 -5.841051288444171208e-01 -5.755733067240319523e-01
5.919839803840649672e-01 -9.191792157608503766e-01 8.565888427568241204e-02
-7.993047520809621886e-01 3.874140411070357004e-01 4.133731283232725540e-01
8.061855518196274772e-01 -5.827060190134799589e-01 3.299373565129178898e-01
6.867683436508869033e-01 -7.454959890085891550e-01 -9.977681672105200017e-02
6.014603249222241210e-01 -4.390584830091275315e-01 6.765088184180481079e-01
4.343624115140370945e-01 -3.369650091083453702e-01 7.327240908378047646e-01
-8.410839389059134863e-01 -4.324754740427612099e-01 -4.365666027949823280e-01
-2.173852339599657846e-03 -8.658661214135001671e-01 6.708499932133616950e-01
-5.430810833960174611e-01 7.085554828558090490e-01 2.301914149239292495e-01
-8.157289862569384598e-01 1.409832597371112328e-01 -5.314581129042769136e-01
8.950597932954514890e-01 -5.948149351253241568e-02 -3.273635504002477270e-01
-7.030212624834436541e-02 6.899048737846983359e-01 -5.865564006788501761e-01
7.199060589415788858e-01 2.094259079082487207e-01 6.184579080475939294e-01
-5.723795457218020521e-01 -2.285546029877399271e-02 -6.335811703248104276e-01
-5.230109441662322833e-01 4.481649966957172992e-01 6.619750998011085796e-01
-5.849829535795757485e-01 4.530891689838242864e-01 4.309539715643479485e-01
5.796320067677918075e-01 -4.697886080178220181e-01 -7.071333737937454123e-01
1.698540253614062856e-01 6.610565760027783400e-01 -8.896429295386445446e-01
-5.889545920743085583e-01 -7.866820521266120192e-01 -3.035431446470181482e-01
-7.285778847185025997e-01 1.954705648795040940e-01 -8.895799365214063226e-01
3.931520342630988596e-01 5.784216813195577900e-02 1.011249781693941419e+00
6.847798578659690660e-01 -5.131069771476244323e-01 1.435810986726543947e-01
-5.379188673277854882e-01 7.407904706523374960e-01 1.403609912578623331e-01
6.753262797073499302e-01 2.594390924572407275e-01 7.875075041833525802e-01
-4.377521734850058355e-01 -7.603032364055926084e-01 5.402417647755147767e-01
2.349641191603928370e-01 -7.459272485293555466e-01 -4.799151199330051187e-01
-2.066907849135250774e-01 2.719740761172529386e-01 -9.106245292638944777e-01
-6.315051144119551152e-01 3.275754519464215697e-01 -8.269460514540298846e-01
1.982870670293902515e-01 3.600541171448563560e-01 -1.035189166852207743e+00
1.005090615993353143e-01 5.612994080258181251e-01 -5.698357486687980478e-01
-4.688482562019139488e-01 5.591849019394468101e-01 5.356613812489842141e-01
-6.427783280444385738e-01 -7.977217046204592155e-01 1.123836456819257146e-01
1.160776384956327678e-01 7.432739299360731078e-01 -7.523953291169751534e-01
7.636196248857360924e-01 -6.954584489540754921e-01 5.056460026131861518e-01
-2.464270534989471129e-01 7.361731542799848649e-02 8.008338324280175335e-01
8.967746526827580222e-01 5.774225900690712621e-01 -2.134140553058919143e-01
-5.530649815393096080e-01 5.116706841410565421e-01 7.195188690100834394e-01
-3.487052430321249119e-01 -9.370464723025004883e-01 -2.286278341649831680e-01
-8.341176057354000584e-01 -7.872498048048075237e-02 7.210779216993695728e-01
3.673141032099271341e-01 -7.826839370050592271e-01 -6.105161779924777044e-01
5.561245330712187851e-01 -6.725480703610915434e-01 1.230933770590309506e-01
-3.493098198615869343e-01 -8.326728418227137274e-01 -2.691080917137315121e-01
1.010225628550573074e+00 -1.133199395639491458e-01 4.099020051651189323e-01
8.887778424893955087e-01 5.158692266877978883e-01 8.430581293867955850e-02
9.687239299936527548e-01 -5.877886301387365287e-02 1.625832802792034626e-01
-4.608786319837762657e-01 5.786848367116614877e-01 5.221193491216745697e-01
3.098844628046823826e-02 9.985053030157517995e-01 -3.192763296609391066e-01
-5.336926904968366525e-01 8.155528062211474527e-01 5.424140208566171628e-01
-1.003459802845703130e+00 3.583108514485765506e-01 1.094629284884813814e-01
7.124136443872838287e-01 4.246535853893747547e-01 6.506080702005015981e-01
-7.274484960121327948e-01 -7.765881796059171949e-01 5.021600510811357054e-01
-3.053328716643823881e-01 7.623332664566617733e-01 2.064413228720287097e-01
-7.323473274491361096e-01 -2.256359332130228879e-01 6.317547201281128455e-01
2.828660862524229325e-01 7.087817898813875139e-01 5.202556390629227145e-01
2.158663860538020951e-01 2.125592585829759462e-02 -8.613730580986732610e-01
-3.568038728081520533e-02 -1.107334526681152509e+00 -2.217280207836425099e-01
-7.815777542169073389e-01 6.008565529902291091e-01 7.392413526100601873e-01
-3.740539194998628858e-01 -5.591072595622841312e-01 9.128785973197834913e-01
-5.542035971261676242e-01 -1.326234389099631428e-02 6.792099628132806100e-01
3.346434555935160482e-01 -7.381690021041728000e-01 -4.771041575274244106e-01
5.777509372337028548e-01 7.775734237668725513e-01 -3.557792366989023236e-01
-1.587491968766799599e-01 1.888259366385331706e-01 9.225762726578556894e-01
8.082015942583471446e-01 4.212248381589110968e-01 4.089541801220688555e-01
-7.717097447147438505e-01 6.094247720059609019e-01 -7.701323871156286194e-02
-5.984897631837986509e-01 6.449312183943443078e-01 -1.764991945578501253e-01
4.956997034114428158e-01 9.333573285849219303e-01 -5.718098650834960717e-01
5.799776637909055399e-01 4.563602473538599380e-01 4.051983305621781328e-01
3.336173636086009475e-01 -9.059517794552424119e-01 -5.724247489997497107e-01
4.154907535543145847e-01 7.782459688534582032e-01 -7.730657527705852017e-01
-9.975841677843172439e-02 3.102989290263544753e-01 1.114629270621126045e+00
8.175089902029216704e-01 4.959192995610438581e-01 3.875730732589387495e-01
7.426274009571215418e-02 -4.879678159225198653e-01 9.172321690219611412e-01
7.841210215575911135e-01 -5.923772259317732214e-01 1.347694470065427530e-01
-4.856750420002433066e-01 -4.266129167192365124e-01 9.039841089994659074e-01
-7.310700442032634916e-01 -5.959172889631565440e-01 -5.218069525851005697e-01
-1.532607195226430574e-02 -1.008409148755096130e+00 3.359964751649471837e-02
-3.978206587227262059e-01 -6.894137757416274326e-01 6.126951811543859261e-01
8.188421926143832907e-01 4.282229571859577644e-02 -6.336467704931763034e-01
3.704194604501470089e-01 6.161472814066220050e-01 6.866672881284670016e-01
8.100052589137667347e-01 -4.474939368875577861e-01 6.951977853333306256e-02
7.829726460573611657e-01 -3.987187812552312471e-01 8.400817581614912211e-01
2.079502963341525179e-01 9.546546222666574266e-01 7.991717405475159963e-02
-2.404898510192856054e-01 6.710455821229538431e-01 9.182548134153852848e-01
4.716709049954579402e-01 -4.390027712085660117e-01 -5.732978937873014491e-01
5.038646342169887937e-01 -6.235265744999034521e-01 -5.174058558423743071e-01
3.931509905974767127e-01 -2.036587505357076999e-01 7.981539918624575014e-01
-5.216886102431604888e-01 7.097839312384890409e-01 3.065531535090547655e-01
8.000037520543890057e-01 4.018457142755366140e-01 -3.716513470647463957e-01
-2.263751777068218618e-01 9.385775803669426098e-01 -3.792466216885260755e-01
-4.732501171290642294e-01 -5.415776769983485783e-01 -8.574182665888601118e-01
-2.554435795382788976e-01 8.916486890003968435e-01 3.487309160300169908e-02
-7.930973942521077902e-01 6.645640043186491763e-02 3.997687941707945836e-01
-4.819970475279207189e-01 -7.304694539405769405e-01 3.961443381922916118e-01
-1.651786940105058887e-01 1.315543627790863868e-01 -7.670931501586307766e-01
-7.469780094276094740e-02 9.782765887136459781e-01 -3.166466858690231700e-01
1.377511335157700911e-01 6.899496765113086738e-01 -6.589168151915548721e-01
-3.312993137720098846e-01 -3.495646890013556773e-01 -1.027369887215601851e+00
-7.470803491982245248e-01 -6.802161539272129076e-01 -2.343400467315265301e-01
5.887858704820163602e-01 6.723057938455889726e-02 7.116586216848770352e-01
-2.334607236115637252e-01 3.781183386798688262e-01 8.771474161270383929e-01
-3.765782411012415509e-01 -7.737043278814712544e-01 6.558921075523700406e-01
1.727315055859670323e-01 -3.160346062338670325e-01 8.577247420505046405e-01
6.651739453411992242e-02 2.052886028682495700e-01 -1.032721368778558135e+00
5.473386512835273082e-02 6.068429643669668305e-01 8.330533310898512456e-01
1.121941838644270190e-01 -4.521969061179236249e-01 -8.530445918690601204e-01
-7.897589080545136531e-01 -5.723904321462190969e-01 4.271907170752843319e-01
1.619293326297547575e-01 -6.125816617192704205e-01 -5.854582402678993880e-01
-6.200323107400762535e-01 6.238108752643846122e-01 4.460431935604239340e-01
3.216531840303895051e-01 8.683412548296840505e-01 -4.393456980145940549e-01
-5.232243107944998251e-01 -2.747811567651893272e-01 6.986515167359921286e-01
-3.831502950053754519e-01 -8.396594970585020690e-01 2.022115887253547462e-01
-2.702112869807966056e-01 -6.876859330484232924e-01 7.284971198318382912e-01
-3.129016697149566983e-01 1.647037629482237253e-01 7.389073579334968223e-01
-2.879102040757899883e-02 -6.751619689304025895e-01 6.879976811939614301e-01
3.263709573604969827e-01 6.743179466093699448e-01 5.560982223201915708e-01
5.855476229672422761e-01 -5.968701701155643136e-01 2.732374653736112657e-01
6.719318531579918652e-01 6.142271596494323083e-01 -1.460958038844405171e-01
1.833928893926739245e-01 7.556468092905685996e-01 8.612406488465498278e-01
-9.458588184209039129e-01 -4.396852511834827837e-01 1.456329196655731240e-01
8.076827816771194879e-01 -1.477466750202931778e-01 -1.555540905162076104e-01
6.584787361096844371e-01 8.455189380442158509e-01 1.286327718926156272e-01
7.413656140112214743e-01 5.417280935807836650e-01 1.752662126318691449e-01
-2.215443989047188034e-01 -4.002037678587440639e-01 -7.790463162432667010e-01
-5.824729995121860071e-01 -7.530793271154185842e-01 2.363125830614586642e-01
2.197824069921327783e-01 2.820573003821749136e-01 8.419520479363358234e-01
-5.544153834036168460e-01 7.640799756639092832e-01 1.506363907959035464e-01
-1.746423012615581916e-02 -5.694310256886581101e-01 -1.017743047368298903e+00
5.840058046220857335e-01 -7.981119249013534089e-01 -1.236249805422316161e-01
1.682991650495729852e-01 -5.934733358664469050e-01 9.783214713523743500e-01
5.852398412322863397e-01 6.216164811361353237e-01 2.866616270275232914e-01
6.472717599299964153e-01 6.611703793289748221e-01 3.252727663003705527e-01
5.871984080336606349e-01 6.598808448500336210e-01 3.551633683528425678e-01
4.829288619373145464e-01 2.788855038763445315e-01 6.983386612099923285e-01
-1.111609782510726063e+00 7.275728624448235538e-02 -2.356489137832382674e-01
4.911135344706090700e-01 -2.530866350346747673e-01 -6.256664007417925832e-01
-7.118432345507809123e-01 -7.376151045808151396e-01 1.572102208819274316e-01
3.613798361713291829e-01 -6.158826274412679824e-01 6.736439871537275303e-01
-9.364035303708585500e-01 4.962273511008348237e-01 -1.137237621027964996e-01
-6.245602091135256106e-01 2.557007746209462029e-01 6.463297089460849909e-01
2.063202998787482811e-01 5.553803909094329194e-01 -7.108913499902075328e-01
-8.435308376232152350e-01 2.825827974981881194e-03 3.856324721968362179e-01
2.866022421469278242e-02 -9.093360090659656780e-01 5.004623198167468257e-01
1.609447151078328697e-01 -8.223713722117640401e-01 -3.573265825293254760e-01
-5.366387874826343551e-02 -6.687539166476592634e-01 -7.216634624373066131e-01
-2.679742952092039054e-01 -8.974458367073363529e-01 -2.417892034636622278e-01
5.055374765863894782e-01 2.463681244248510649e-01 5.620987639016052917e-01
-4.648630975314133051e-01 5.500670321588994049e-01 7.986964917971908218e-01
2.845342786590139283e-01 -5.394671897705340946e-01 -6.498183971963491512e-01
4.277231484041300047e-01 -9.234128620066198723e-01 2.993074761071816692e-01
1.096813357965183755e+00 -4.053234049421770568e-01 2.368492019958916631e-02
-1.995992191448614783e-01 -5.837009168009514859e-01 -1.142988977732968703e+00
4.529416161375188765e-01 -3.547097285417257218e-01 -1.091669342478285287e+00
-2.581933538687875007e-01 8.698400105469402677e-01 -1.255823409738314744e-01
-4.071112829943844824e-01 -4.051198025932927216e-01 -6.281255555428654214e-01
-6.937104292689810769e-01 1.466732701729402399e-01 3.966582183755159585e-01
4.632966687510321480e-01 -6.202829772585684021e-01 4.297994504114281966e-01
-5.499426613452167434e-01 -8.061487988795876802e-01 -4.321768516410221528e-01
5.932008374416075647e-01 3.132474153970982722e-01 -9.876372125006976921e-01
-6.682322197163212962e-01 1.322071163331881016e-01 6.340302572289140404e-01
8.543037614100094934e-02 4.559537786300789652e-01 7.642933094907421454e-01
7.037715444449270663e-01 -4.892402348676615498e-01 6.680455080032087212e-01
-3.523135530388319531e-02 4.792869133532678266e-02 -1.086320000236690397e+00
1.075846083721250457e+00 -3.706887812793538406e-02 4.089961013122136446e-01
-6.429366535841254393e-01 -2.484948062789645862e-01 -9.161761403280141991e-01
-4.575195355036302258e-01 -7.397572767427179619e-01 -4.726000593656358717e-01
8.938472156965997506e-01 -6.197530601728585414e-02 3.691245709459037294e-02
2.276561967724338442e-01 -6.986614856664238316e-01 8.678031530810410565e-01
-4.780633661535801243e-02 -9.895477824152479895e-01 -1.450097164303538466e-01
9.026933139027314423e-01 -2.499310933833881476e-01 -2.326563900370506033e-01
6.765543224444505732e-01 6.193134563277136184e-01 -1.338836859638366239e-01
-2.584761934025962132e-02 8.785348985941561217e-01 3.831485881509781311e-01
6.761140951593863635e-01 -7.343097977472974602e-02 -6.715640793153023758e-01
-4.790131633844420533e-01 -8.632677118054382648e-02 -1.023968459733720415e+00
5.476058714566212071e-01 -5.280897003677713641e-01 5.073132617246791654e-01
3.533120107786555941e-01 -7.533611825995019107e-01 5.695999978242192174e-01
5.510552136358803921e-01 -2.028886143644068052e-01 -7.175501967421126226e-01
6.561957747492525028e-01 7.986146752761799084e-01 -1.379658548979784127e-01
-3.827912778172777863e-01 -5.691465590228983462e-01 -5.991082289083190515e-01
-4.966946777362647447e-01 -6.856999023941524607e-01 6.698661772005978232e-01
-8.941933896876946841e-01 4.470075891910526011e-01 -2.328939721406687591e-01
-3.171141340014768661e-01 1.934303888055648735e-01 9.478685920813968435e-01
-4.596873675026183492e-01 6.617261821519958565e-01 2.430806526325884065e-01
6.594965323066336316e-01 4.503308170714822589e-01 -5.462573610078176323e-01
2.247604035452147597e-01 -5.656907076943002988e-01 2.976216660065455488e-01
-1.769666327607518352e-01 -4.247155346850090551e-01 -8.094129584288890511e-01
-3.344923566734792630e-01 9.535185699678470073e-01 3.880064129796391703e-01
4.833178372964259673e-01 8.070522829329508374e-01 -5.279520754066666099e-02
-4.042182566332237492e-01 -9.084890796393646495e-01 -5.076905866850174309e-01
-3.771533797493257789e-01 2.051094819771073496e-01 -8.645657692559068908e-01
1.975189471617704723e-02 -7.316461670263981754e-01 -8.848716216720191596e-01
-6.851303823244195845e-01 -3.873083391844188705e-01 4.437141990736916952e-01
-4.240738082450364321e-01 8.496845166236242086e-01 6.736727488292065802e-01
1.874249117199472403e-01 6.870988967495677002e-01 -4.331900072720263895e-01
6.357408318061170682e-01 6.982902610159483769e-01 -1.179624656498554081e-01
6.350908082854084258e-01 -6.489556743482969292e-01 -1.729095764192763451e-01
-3.941841465515855125e-01 -8.574425875496481941e-01 3.587370344771770303e-01
5.488705393263008103e-01 7.512040532627703993e-01 -6.767885715147763381e-01
-6.305744450034272974e-01 -4.901461614458130223e-01 -5.007984817327228999e-01
-6.281246210863097312e-01 -1.216982739927205404e-02 -8.993146488625982649e-01
-1.045881248221802062e+00 -2.993481682105924579e-01 2.581524383734754569e-01
-8.917489839819082720e-01 -6.028049717150791853e-01 -1.425691538699223604e-01
-1.816997600915409294e-01 1.013795612166904281e+00 -2.440364103380543992e-01
-9.446627703270780163e-01 2.264352085529722780e-01 -5.775037355125339777e-01
-2.721063940804957504e-01 -6.630898875956687810e-01 -7.588662853827031762e-01
5.897104103571932932e-01 -5.757986023092267480e-01 -5.145689964096942237e-01
6.085828605412149095e-01 -2.281955062127426770e-01 -8.147420899006491135e-01
-3.614608951159376526e-01 -1.061380544228604089e-01 9.903820984266604732e-01
4.567413470135873732e-01 3.323232784990028388e-01 8.485713031622423852e-01
-7.440679561816185839e-01 3.746597962649916846e-01 8.113561980213205294e-01
4.687681834867756248e-01 -7.728915759180676748e-01 -1.351893994394895993e-01
-3.404290394122929109e-01 -7.834533183152297964e-01 5.888488122660973101e-01
7.056037161175015004e-01 8.025875618442387394e-01 -3.444726163667933827e-01
1.504504748123847158e-02 1.223209947598888903e-01 -1.057550930640221321e+00
3.420167331890710538e-01 6.675349272044815985e-01 -5.419436026875439349e-01
2.568754831735858835e-01 -8.964071092473869795e-01 -4.846516227540494381e-01
-6.884973871958509628e-01 1.208379417418621246e-03 -8.777202655192515302e-01
9.902027731412335609e-02 7.866998862698397765e-01 8.191474913363895327e-01
1.157704367046193672e-01 -5.908456107386798051e-01 -9.159468664602814503e-01
-7.770303184710605215e-01 5.994267484741555574e-01 -9.133086874739186622e-02
3.337049491543184754e-01 8.001160305363109737e-01 -2.779807435419065498e-01
1.593677862574460757e-02 6.350063864326229712e-01 5.148709972946869939e-01
8.485154243749033487e-01 -3.169010444127793313e-01 2.472089803638668759e-01
-8.366236770054004124e-01 -1.697962812890279338e-01 6.161804506032108053e-01
1.116805153655759941e-01 8.145126917217725415e-01 -4.097985479808642362e-01
2.989151128136358637e-01 -5.651516576947235304e-01 7.077694226627724294e-01
1.483865984321641740e-01 9.895174057152866798e-01 2.858709949288753549e-01
-6.990902066439972362e-01 7.570788268139694299e-01 3.849947308368166232e-01
5.646308071910956933e-02 -6.819498074428705925e-01 -6.973715616497624392e-01
-6.316957600072461432e-01 -8.456974065305407073e-01 -5.979397796047891678e-01
-6.185903601974287458e-01 -7.419654338011040517e-02 6.600356815873802407e-01
-1.054217609989813287e+00 2.404997926139945674e-02 2.812881936190081977e-01
-9.408618039192286897e-01 6.511097267820757650e-02 -5.805202347483293668e-01
-6.425122386823234333e-01 -6.064392231804308642e-01 -5.495602533418588731e-01
1.085891369184529276e-01 9.997993909882605390e-01 4.551353663549808082e-01
4.397171031278440667e-01 -2.956234797427166883e-01 -8.855295027874996450e-01
6.071310599515306050e-01 -6.401625384810659680e-01 -4.234867321565629616e-01
-2.097932738189943469e-01 -7.771453744728822333e-01 -7.696062581504866662e-01
8.660058673787037753e-01 5.003147393340215965e-01 5.805758586318867653e-01
1.702092916129468170e-01 -9.790633144060493231e-01 -1.503159638576720691e-01
-3.880895536034519866e-01 -8.456249407954943287e-01 2.038484643077336789e-01
8.044850390887630098e-01 -4.077292228218505898e-01 -4.123834142883942011e-01
4.576749834949050966e-01 -6.526250705099879978e-02 -8.569295199790563089e-01
-5.633869730676518417e-01 -4.937393257722060280e-01 1.350555461838365834e-01
1.641601103724754374e-01 -4.363208293269121851e-02 8.892906671141587172e-01
-7.317896305880600138e-01 -1.615174371640937245e-01 -6.355946011012161279e-01
5.924216963656532275e-01 -6.890546173541680641e-01 2.743769753440355452e-01
5.039802767490605406e-01 9.137509940343520043e-01 -3.834690555157180269e-01
-9.558025152301926619e-01 -5.004317164122346062e-01 -8.541635528166711955e-02
-6.247548907400213292e-01 7.211394644946566013e-01 -4.098890846799073673e-01
8.607516748491063074e-01 2.821159115639720188e-02 -2.131718136779273409e-01
-1.340866838726575139e-01 -7.757891529025284783e-01 5.967080823503725373e-01
-7.764663983628475874e-01 -2.981753412257814317e-01 -5.750990892333425197e-01
-7.273926242590309510e-01 8.271548530018091316e-02 -6.030071525345872541e-01
-5.465161629706430935e-01 -5.592360144191265148e-01 -5.785999257996279344e-01
-1.542047509098941338e-01 -4.833092058964862936e-01 -5.577330871859135231e-01
-3.257400735179067364e-01 -7.097455504269766235e-01 -6.486593293203347654e-01
-3.695856273458594798e-02 2.999468501211280391e-01 9.616360596108504133e-01
5.653844234064144825e-01 -6.706654462799509497e-01 5.575797727738653897e-01
-6.576423866288765296e-01 -1.207989817751717598e-01 7.127995886555380523e-01
7.498492162068366440e-01 -2.372720646766254826e-01 6.865521298108797632e-01
4.378092667236387348e-01 -8.801064773915358019e-01 -7.385827445453468920e-02
-1.515341555747783397e-01 -9.736395760566789459e-01 6.596639331370157677e-02
3.423842501467369570e-01 3.852342314229125764e-01 -9.417007843639413345e-01
6.367972737333938982e-01 -5.752438288424398527e-01 4.872821041408136322e-01
2.091386091495006649e-01 9.164861434676679908e-01 -3.569068302232902834e-01
2.977433480694111068e-02 -9.823870885029741817e-01 -4.395866504452585755e-01
6.221837916468385687e-01 7.113355762719747455e-01 -5.291698399942413866e-01
-5.727379390261951864e-01 3.640047002993156977e-01 -7.360330676278579176e-01
4.306875503511187198e-01 6.235571861397930515e-01 -7.546274460286992447e-01
-1.108366556234714334e-01 -8.027384381104241129e-01 5.025639469500660095e-01
-7.063111059618737420e-02 4.768960197503716580e-01 5.394973994757596980e-01
-8.052030046335947322e-01 -7.736062251614443941e-01 -8.587967438046609225e-02
-7.985774635279320188e-01 -6.749137431580218838e-01 -1.993402274165664290e-01
6.301896774311070981e-01 7.894116262601665879e-01 -3.927617250306935648e-01
5.885856358011056777e-01 5.734375904605982788e-01 -4.942454052346304527e-01
-2.071747432005247025e-01 -8.397812227695183873e-01 -5.520344392354256113e-01
3.778088675572436328e-01 -5.829965399280213623e-01 6.672316597829657248e-01
-6.868887734144890622e-01 5.874789032641308806e-01 -5.187282446526008117e-01
7.657302109065959872e-01 4.363324798998631238e-01 -4.429601193792394587e-01
-7.211560191255271535e-02 -7.943202313499252432e-01 5.634036480364252863e-01
-4.610486610079598813e-01 -1.588781161787521379e-01 -9.783101816342365531e-01
5.581331282402967053e-01 5.199208491082276673e-01 5.624733947248613530e-01
3.619359371420102223e-01 3.136939898221739464e-01 7.325257443183156303e-01
-4.584932629165091034e-01 -5.825268017294992218e-01 7.471588159336211010e-01
-7.896401235096902615e-01 -2.479185243313221029e-02 -5.398691630054602841e-01
1.806761826498205770e-01 4.486424881659029085e-01 9.966934710988188950e-01
6.446786974823742744e-01 -7.691116212047256484e-01 -3.204207314130287920e-01
-9.554603262433683519e-02 -8.170589237435849084e-01 -2.685677320719373484e-01
-6.962385868097281660e-01 5.028588418408220795e-01 8.084196813759363387e-01
1.169607249581196690e-01 -9.002864640473047242e-01 -5.439559864294276625e-01
8.124622046023356470e-01 -1.648760774675947227e-01 -7.083484113504540103e-01
-1.769320145921096377e-01 -4.652572743337208827e-01 8.361437204401185319e-01
1.086665344066596761e+00 -1.301875814832954142e-02 1.255464325198633602e-01
6.888586944254907474e-01 -6.809853156816566555e-01 -5.165971627920293852e-01
9.856158953082811980e-01 1.765410822083905984e-01 -3.378004127641243137e-01
-5.176576965576660250e-01 -5.825676418616757557e-01 3.133605743062362059e-01
2.041432331540313505e-01 2.393925268395186712e-01 -1.037293066319275203e+00
8.623315353072995570e-01 4.789218101368541980e-02 -5.211020919771067739e-01
8.956635781695715393e-01 -5.611020833535464991e-01 1.321473793332562097e-01
-4.949123739447801595e-01 7.590346657668729513e-01 -3.916570872486405674e-01
4.090404076202033834e-01 -5.814777282453915674e-01 6.591490318249091374e-01
-6.510717544751180030e-01 7.148939346313466503e-01 2.603404748872706342e-02
4.126098805351385845e-01 -6.838316225076990218e-01 -5.981160612563203305e-01
6.705423176326178458e-01 -3.250854396002641478e-01 6.346051386183229059e-01
-8.070215983973686447e-01 -5.264343182521714626e-01 -2.532729409349644967e-01
-1.613385964480797408e-01 7.489014649566053672e-01 4.664397013369571132e-01
-2.232519691218541602e-01 5.008482817997275127e-01 8.836151310176632023e-01
-7.895519005542687152e-01 2.021237544265556130e-01 -2.162933857803601145e-01
-1.050575206606952916e-01 6.358345376886878064e-01 9.209116196936184551e-01
7.816037482859405916e-01 4.225550268318560843e-01 -3.910143741694863118e-01
9.610025890956037653e-01 4.491931455062177503e-01 4.286004597601689725e-01
-1.765624309619951426e-01 -7.149506728601431327e-01 -5.107485089264541811e-01
-6.233207116805571379e-01 3.713620717664192217e-01 -6.429772143412304519e-01
5.199852970101294103e-01 -6.921483403689930869e-01 -4.192148091775282914e-01
-3.897280841433081733e-01 5.846435134938916534e-01 5.626727726763975923e-01
-5.538101531465156047e-01 -5.715372751365417336e-01 7.887469806266087513e-01
-7.813352834888480647e-01 5.999019113061780928e-01 5.769935519562807702e-02
-7.851607288417894459e-01 -7.285755686090553684e-01 3.053878655735353664e-01
-6.053441540061677006e-01 3.736356459688562337e-01 8.431300373956498451e-01
2.005999234012973420e-01 -6.621297403872223875e-01 -6.540555026357343094e-01
1.338182516746721784e-01 -8.308319575356295505e-01 -7.730404059512505643e-01
-3.073980411583628891e-01 4.377798099962590950e-01 -7.284200377917171565e-01
-6.036675392262452755e-01 -8.627526169254092769e-01 9.391632337171028355e-02
4.336677048571868087e-01 7.551226071049049748e-01 -6.122153425234155844e-01
7.180425110458368843e-02 -6.130569601947402081e-01 6.755466397819088753e-01
7.060804891725168675e-01 5.892489332519986744e-01 7.596318772285155507e-01
2.532345540730448485e-01 2.962181241633259077e-02 1.159364454701250047e+00
-5.574870028454422671e-02 5.937085200014673436e-01 9.102041437048621342e-01
-7.191295433387807634e-01 3.671996952103673273e-01 -4.488682283217063640e-01
-5.829114904638312833e-01 2.929424645695887230e-01 7.357302694274132637e-01
6.010139893095994140e-03 1.088855137953101737e+00 -2.427906160397182989e-01
4.843436936123967085e-01 -4.487583336848454119e-01 -7.086358868300358660e-01
-4.616515866436077808e-01 -6.611916140908072892e-01 -8.082391425171153720e-01
-9.059185633486294131e-01 -2.456455098122169722e-01 -5.070207816703373727e-01
4.394334994788706150e-01 8.132589684131811270e-01 3.860016187143319732e-01
-4.799406602378429587e-02 -1.478488970153793713e-01 9.121696990491290347e-01
-8.318230888818261004e-01 -6.242484655813840266e-02 -3.877062776321963944e-01
5.283743296971180614e-01 -4.776714498904536810e-01 -4.678831393471291067e-01
2.617572863785402881e-01 -8.435380444476834327e-01 2.211348609074162141e-01
5.886662247935410264e-01 2.453076291862764935e-01 -5.470002591521613278e-01
-8.822413543107873179e-01 -2.215862739961506345e-01 -3.484673292853607274e-01
1.179922517639144380e-01 1.749797856164933552e-01 -1.051656899371655962e+00
-5.051182936494591491e-01 5.905390039796556412e-01 -5.804789062421268353e-01
-4.492573714651428296e-01 -2.447980905621868764e-01 7.821406317602099811e-01
-7.931194326651224147e-01 3.901413988088112683e-01 3.822887986750435063e-01
-6.615882515056884516e-01 2.645513711478606478e-01 -8.201678546005968240e-01
7.062865040539481054e-01 4.422315519920760885e-02 -8.204842622809066510e-01
-5.104753501126276793e-01 9.069279432801999885e-01 -5.028022280213531037e-01
1.020256413166763965e+00 3.706103764473033246e-01 -3.407256027997161985e-01
6.074841472320678948e-01 -5.656055130655396335e-01 7.639632934534615893e-01
-6.800997319907634564e-01 2.633136196316612221e-01 8.884026700677394306e-01
6.544465096206649735e-01 -5.912701065674371703e-01 5.747885626400299763e-01
4.629078504403425498e-01 7.179710642524718134e-01 -3.437779272780649986e-01
-7.135968164843664585e-01 4.521261301215012685e-01 -3.063533587377103018e-01
-7.960619455975601610e-01 4.948880046602873173e-01 -1.151916385853867242e-01
5.610749523837312847e-01 5.977619174855228756e-01 3.529778775823260162e-01
-2.730348821994772468e-01 5.849336089353639467e-01 -9.936942513160498258e-01
5.580828447024753780e-01 -3.112040236318597830e-01 4.845781623853309128e-01
-9.664097979960803997e-01 4.834420782773500291e-01 2.236377766652032917e-01
1.015239748995412361e+00 2.822295047387585187e-01 2.855539162727876445e-01
-6.842400625897436806e-01 7.276279524257928122e-01 -6.353372440853574110e-01
7.784796137611510458e-01 -2.199634592559550073e-01 -7.055162255628486534e-01
-1.871280057507695993e-01 8.179333567214160938e-01 6.718583073591932742e-01
-6.149838939385774417e-01 -6.141155553499882958e-01 -1.853660261920544450e-01
8.260276061994948904e-01 -4.970937284839004322e-01 -9.993195035686615324e-02
-6.978310237263808391e-01 6.773492884181429030e-01 1.065518917332475834e-01
-3.961992363539217354e-01 -1.978088037595991944e-01 7.128109268437661239e-01
-6.049317084319584259e-01 5.972715217898094675e-01 -5.916572048072863410e-01
-5.680644286828201439e-01 2.043923214788529175e-01 7.199216928987488551e-01
1.021435999781694859e+00 3.363218102207556903e-01 -3.306641320417924579e-01
5.761868741875383337e-01 -8.970592731226870731e-01 -3.953053472118801537e-01
-8.345492268390816148e-01 7.682216997485831200e-01 7.877740621289999745e-03
5.593613375487305195e-01 8.493438714632191022e-01 -3.940830046372679751e-01
-2.887093302088755697e-02 -1.116537971372994598e+00 -2.966050460009892475e-01
4.799496155669510378e-01 3.359762185132844081e-01 -6.420747693061931161e-01
-2.531534992398790651e-01 3.784076714895743265e-01 8.810064291727895958e-01
3.183067939189045958e-01 7.101604731198232212e-01 -2.492635562886147960e-01
-2.629313436174549046e-01 -7.607504517385897946e-01 5.106592954894569880e-01
-5.640171076110718218e-01 -3.996507514663854010e-01 6.101651638730012372e-01
-7.264002634070451103e-01 -2.880125520430966146e-01 -7.102426568174358135e-01
-3.299648375031624670e-01 -4.436792080170743890e-01 -9.244232208718663468e-01
-6.444879574246136222e-01 4.343387390414923388e-01 -6.741250339249924561e-01
-1.983935694249538972e-01 -7.359694256205017160e-01 6.879644427872173562e-01
-6.022422936054534492e-01 4.547273641064665806e-01 -4.892613642526739692e-01
-5.449438484731358168e-01 -7.098253078740420774e-01 -3.741107717765986274e-01
-2.611457408189293283e-01 -9.105230700187199044e-01 -5.307228888620885154e-01
5.640296359743147692e-01 -1.085840649225104704e+00 -1.143734832612222918e-01
-3.677021853467437040e-01 9.472860613194438173e-01 -2.875546612805054969e-02
-1.779549912963528102e-01 7.977857739242015800e-01 -5.606506891955056471e-01
-1.961194479159652782e-01 6.820932614564518826e-01 -5.494051688056394989e-01
-1.274526472204557392e-01 5.093455408158581443e-01 8.631982824045204561e-01
1.742860168149699962e-01 5.587791734256549736e-01 6.474314253050567070e-01
9.043541901669753802e-01 2.469226487752275156e-01 4.457673917172744193e-01
-5.763475146332454058e-01 -6.884884537679974992e-01 -7.700096731585495125e-01
-8.712647680022976571e-02 5.748916499605322139e-01 -9.725274700208155210e-01
5.144961941541752459e-01 -5.547108967296328075e-01 -7.235717184665872992e-01
1.008612109736159779e+00 1.396087697834724195e-01 5.985129364411321262e-01
-8.509240864387538350e-01 2.469604425521953195e-01 3.897027270640038843e-01
-9.155158533635451290e-01 -1.289370583154382244e-01 2.417386453376907385e-01
-5.198093472092868428e-01 2.407379329546456281e-01 4.314773017172282010e-01
